===========Genetic Algorithms=========
===========0.1=========
30.219, 31.020
22.129, 18.776
13.093, 12.959
43.364, 42.959
39.995, 37.347
0.485, 0.612
10.005, 10.612
3.446, 4.184
3.241, 3.367
27.744, 27.245
44.870, 44.898
45.406, 43.061
25.038, 25.204
25.881, 23.367
44.819, 44.898
5.845, 7.551
45.431, 45.204
44.819, 44.898
45.559, 45.306
30.092, 28.265
44.819, 44.898
44.589, 44.694
44.870, 44.898
42.751, 40.408
30.117, 28.163
44.793, 44.898
30.117, 28.367
44.130, 43.367
44.819, 44.898
16.769, 17.755
44.895, 45.000
44.870, 44.898
44.487, 41.837
27.667, 26.122
5.972, 6.122
44.410, 44.082
44.742, 44.796
44.870, 44.898
39.127, 36.735
44.768, 44.898
31.036, 31.531
45.610, 46.327
44.793, 44.898
33.206, 30.816
29.862, 27.653
44.870, 44.898
36.320, 33.776
44.589, 44.388
17.790, 18.878
30.041, 28.265
30.322, 28.469
29.556, 27.755
44.870, 44.898
44.870, 44.898
11.026, 13.673
18.045, 19.592
30.858, 29.694
44.742, 44.694
29.786, 28.061
45.865, 45.918
30.117, 28.265
30.245, 28.469
37.417, 36.224
26.365, 26.224
30.526, 29.286
44.666, 45.102
44.717, 44.898
44.564, 45.612
44.819, 44.898
44.870, 44.898
44.870, 44.898
30.143, 28.265
30.143, 28.163
30.092, 28.265
30.194, 28.265
43.874, 44.388
45.431, 46.837
44.870, 44.898
35.554, 32.959
44.870, 44.898
44.870, 44.898
30.551, 28.673
45.329, 45.510
44.793, 45.000
44.717, 44.796
30.475, 29.082
34.686, 31.531
20.214, 21.837
44.870, 44.898
35.528, 32.755
43.874, 44.388
45.457, 45.306
45.457, 45.306
44.844, 44.592
36.498, 33.980
35.886, 33.878
44.308, 44.490
43.772, 43.163
38.157, 35.102
30.117, 28.265
18.836, 20.408
44.870, 44.898
45.942, 45.408
45.329, 45.714
45.202, 45.408
41.220, 38.163
45.278, 45.510
35.043, 32.755
32.950, 34.694
43.389, 41.224
44.844, 44.898
44.053, 43.061
44.895, 44.898
44.870, 44.898
33.691, 31.837
45.789, 46.020
30.117, 28.265
44.895, 44.898
45.278, 46.020
44.564, 44.082
45.508, 45.612
44.870, 44.898
34.125, 32.551
43.160, 41.735
39.255, 34.796
44.615, 44.796
30.143, 28.163
43.798, 43.980
45.329, 46.735
37.213, 34.388
20.368, 22.245
28.254, 27.041
44.768, 44.898
45.610, 45.000
44.870, 44.898
45.176, 41.939
45.202, 45.408
43.492, 43.878
30.194, 28.367
44.819, 44.796
44.819, 44.898
33.997, 34.490
24.247, 26.633
42.190, 38.265
32.542, 30.306
45.304, 43.061
43.492, 39.898
30.602, 28.776
44.513, 42.041
39.587, 36.020
43.364, 41.327
45.380, 43.163
43.772, 40.510
44.870, 44.898
30.117, 28.265
41.041, 36.837
35.043, 31.837
30.373, 28.571
44.691, 44.796
43.951, 41.122
44.181, 44.388
45.380, 46.020
44.079, 41.939
41.092, 42.143
44.742, 44.898
44.819, 44.898
44.130, 41.633
44.793, 44.898
29.071, 28.980
30.296, 28.367
44.870, 44.898
30.194, 28.367
44.640, 44.388
45.253, 42.653
19.219, 20.612
44.972, 44.796
44.844, 41.939
42.879, 41.224
34.763, 31.531
44.742, 44.898
38.642, 34.184
36.115, 33.571
31.930, 29.694
40.378, 36.633
18.606, 20.000
43.466, 40.102
44.870, 44.898
42.802, 40.102
44.844, 45.000
41.552, 41.531
44.691, 45.102
31.572, 30.204
45.406, 44.184
44.717, 44.898
45.202, 45.612
38.872, 39.694
44.870, 44.898
44.870, 44.898
44.589, 45.102
44.870, 44.898
44.283, 45.306
Time Elapsed: 2225.074 s 
===========0.15=========
1.072, 1.327
0.332, 0.714
42.956, 43.980
8.040, 7.755
4.237, 5.102
29.837, 28.163
18.019, 19.184
3.701, 4.388
21.567, 21.633
44.895, 44.898
23.507, 19.796
29.735, 27.653
30.117, 28.265
30.117, 28.265
30.117, 28.265
19.040, 18.571
44.870, 44.898
44.870, 44.898
44.870, 44.898
44.870, 44.898
41.450, 41.020
30.194, 27.959
44.870, 45.000
44.819, 44.898
43.977, 41.327
44.870, 44.898
44.870, 44.898
43.849, 44.796
3.854, 3.061
42.981, 43.469
43.185, 43.265
44.870, 44.898
30.219, 28.673
44.895, 44.898
44.870, 44.898
17.866, 18.878
17.815, 18.980
41.169, 40.306
44.870, 44.898
30.500, 28.469
30.347, 28.571
34.941, 34.082
41.833, 43.163
44.461, 44.184
9.086, 8.571
44.691, 44.796
44.640, 44.898
18.045, 18.776
30.092, 28.265
44.410, 44.184
44.742, 44.898
32.006, 30.714
45.023, 45.000
44.844, 44.898
44.819, 44.898
39.561, 39.286
44.870, 44.898
44.870, 44.898
44.870, 44.898
44.870, 44.898
44.844, 44.898
44.870, 44.898
39.791, 40.612
44.870, 44.898
42.956, 41.531
44.538, 44.694
44.104, 44.184
30.092, 30.918
20.546, 23.571
44.487, 42.755
17.713, 18.878
44.793, 44.898
41.986, 41.633
44.640, 44.796
44.870, 44.898
44.844, 44.898
44.870, 44.898
44.870, 44.898
44.793, 44.898
42.905, 43.776
44.870, 44.898
43.798, 44.286
44.844, 44.898
27.922, 29.490
30.015, 27.959
44.870, 44.898
44.870, 44.898
29.301, 27.143
44.666, 44.490
44.870, 44.898
44.870, 44.898
43.134, 44.286
30.092, 28.265
30.807, 28.878
33.461, 31.122
44.870, 44.898
8.984, 9.388
44.870, 44.898
44.870, 44.898
44.870, 44.898
30.092, 27.755
33.818, 31.633
44.819, 45.000
45.074, 43.980
30.041, 28.265
44.870, 44.898
44.793, 44.898
44.870, 44.898
44.793, 44.490
30.092, 28.265
44.691, 44.796
37.647, 39.286
45.355, 43.878
44.359, 44.184
24.170, 24.286
44.104, 42.245
37.187, 37.041
43.747, 40.408
30.143, 28.163
41.960, 37.551
33.767, 31.224
42.598, 39.082
30.883, 29.388
44.844, 44.898
45.993, 45.306
44.870, 44.898
44.844, 44.898
30.985, 28.265
44.844, 44.898
30.092, 28.265
29.020, 26.633
44.997, 43.265
45.687, 42.755
44.870, 44.898
44.870, 44.898
44.870, 44.898
42.598, 39.082
44.997, 43.673
44.870, 44.898
42.369, 40.000
30.730, 29.082
44.870, 44.796
41.297, 38.367
37.621, 34.082
44.895, 44.796
44.717, 44.490
30.117, 28.265
33.104, 31.939
44.870, 44.796
30.194, 28.469
45.048, 44.796
45.227, 46.429
44.895, 42.755
44.768, 44.796
44.844, 44.898
41.960, 38.061
42.318, 40.204
45.840, 45.714
41.399, 38.776
44.640, 44.490
27.310, 26.735
41.603, 39.694
44.793, 44.898
44.870, 44.898
45.227, 45.000
30.117, 28.265
17.713, 18.980
41.552, 39.592
45.048, 45.102
40.429, 40.408
44.793, 42.347
37.443, 36.429
44.742, 44.694
27.463, 28.265
44.028, 45.000
35.171, 33.673
28.535, 30.510
44.819, 44.898
37.417, 37.143
42.905, 43.980
45.023, 45.000
45.048, 44.898
44.819, 44.796
25.294, 27.041
44.564, 44.184
30.117, 28.265
44.079, 42.755
30.117, 28.265
44.870, 44.898
34.482, 35.000
44.487, 44.388
44.589, 43.469
44.385, 45.000
24.043, 24.796
44.768, 44.694
41.935, 38.776
45.151, 45.000
44.742, 44.694
44.870, 44.898
40.633, 39.592
44.844, 44.796
Time Elapsed: 4420.006 s 
===========0.2=========
0.383, 0.714
43.134, 43.061
0.281, 0.306
3.982, 5.000
12.251, 11.633
28.076, 25.306
28.560, 25.918
20.878, 21.531
38.259, 37.449
3.446, 2.959
20.240, 21.020
44.640, 44.694
43.134, 42.857
0.332, 0.714
44.895, 44.898
24.809, 26.224
44.819, 44.694
28.050, 28.571
44.819, 44.898
20.546, 17.959
24.273, 25.306
44.308, 44.796
8.448, 9.592
43.925, 43.878
40.505, 40.918
43.032, 43.673
30.271, 28.571
30.117, 28.265
40.556, 40.306
44.870, 44.898
3.446, 2.959
44.870, 44.898
44.155, 44.082
31.394, 28.980
44.870, 44.898
8.729, 7.551
30.117, 28.265
44.870, 44.898
41.577, 40.714
38.591, 37.143
44.870, 44.898
0.332, 0.714
10.796, 10.816
30.092, 28.265
44.870, 44.898
1.021, 1.531
44.870, 44.898
30.143, 28.265
44.359, 44.592
35.324, 36.224
42.956, 40.918
42.751, 42.755
36.192, 37.245
44.844, 44.898
0.281, 0.612
40.710, 40.918
16.769, 18.367
25.676, 26.531
33.231, 33.469
0.204, 0.102
44.870, 44.898
40.123, 38.367
44.870, 44.898
44.870, 44.898
44.232, 42.041
44.870, 44.898
44.589, 43.980
44.870, 44.898
30.628, 31.939
44.819, 44.796
21.006, 19.898
33.997, 32.857
32.032, 29.796
44.793, 44.796
44.870, 44.898
0.383, 0.408
30.194, 29.796
44.870, 44.898
44.870, 44.898
30.117, 28.265
41.730, 37.347
44.972, 44.796
37.876, 38.469
44.589, 44.388
33.946, 31.837
44.589, 44.796
44.819, 44.898
17.713, 18.980
44.870, 44.898
44.742, 44.898
44.870, 44.898
44.870, 44.898
44.870, 45.000
42.062, 43.469
44.870, 44.898
30.219, 28.061
30.066, 28.265
44.844, 44.898
30.092, 28.265
17.841, 18.980
30.194, 28.367
44.742, 44.592
30.117, 28.265
44.870, 44.898
44.844, 45.000
30.168, 28.265
3.446, 4.388
30.168, 28.163
43.594, 44.082
29.735, 27.245
44.844, 44.898
30.219, 28.265
44.870, 44.898
17.764, 18.980
45.048, 43.061
17.841, 18.776
44.819, 44.898
30.117, 28.265
44.717, 44.898
20.163, 20.306
43.747, 43.571
30.092, 28.163
20.904, 21.837
44.819, 44.898
44.768, 44.898
44.819, 44.898
30.066, 28.163
44.870, 44.898
30.296, 28.367
30.143, 28.061
30.092, 28.163
44.717, 44.796
44.793, 44.898
44.895, 44.898
44.819, 45.000
44.768, 44.796
17.764, 18.878
17.968, 18.980
44.742, 44.694
44.870, 44.898
30.066, 28.265
30.041, 28.367
30.245, 28.163
44.768, 44.898
17.713, 18.776
30.271, 28.163
23.941, 25.408
44.844, 44.898
30.296, 28.469
44.870, 44.898
30.194, 28.265
43.058, 43.163
44.717, 44.592
30.143, 28.061
30.117, 28.469
29.786, 27.347
44.844, 45.000
30.398, 28.469
21.235, 23.571
30.194, 28.163
44.819, 44.898
44.844, 44.898
42.905, 42.959
44.870, 44.898
30.271, 28.163
44.819, 44.898
30.092, 28.367
44.768, 44.694
44.615, 44.286
44.895, 44.898
44.564, 44.694
37.494, 38.878
44.819, 44.898
44.691, 44.592
44.742, 44.694
30.168, 28.265
44.870, 44.898
44.819, 44.898
44.895, 44.898
45.508, 42.959
44.870, 44.898
44.768, 44.898
30.245, 28.776
30.117, 28.061
44.870, 44.898
44.640, 44.592
44.870, 44.898
28.178, 25.510
44.870, 44.898
44.870, 45.000
38.183, 35.102
30.092, 28.163
44.615, 44.490
44.028, 44.388
30.373, 28.367
44.870, 44.898
44.844, 45.000
18.147, 19.490
45.176, 45.000
23.864, 23.776
44.870, 44.898
Time Elapsed: 6414.813 s 
===========0.25=========
30.117, 28.265
17.739, 18.980
1.787, 1.735
44.666, 44.490
17.228, 17.959
20.750, 21.122
16.462, 17.653
9.980, 10.204
44.870, 44.898
2.144, 3.469
3.624, 4.184
12.557, 12.041
44.870, 44.898
30.143, 28.469
30.168, 28.367
2.961, 4.184
44.717, 44.898
30.117, 28.571
27.208, 25.102
29.709, 27.959
3.395, 2.959
27.310, 25.612
0.459, 0.612
30.985, 32.653
39.510, 35.204
4.900, 4.592
43.951, 43.776
40.454, 41.429
44.002, 44.184
30.143, 28.367
29.786, 27.755
44.895, 44.898
44.768, 44.898
30.092, 28.265
30.143, 28.163
30.092, 28.265
44.691, 45.000
30.092, 28.265
30.117, 28.265
44.844, 44.898
24.732, 23.265
8.167, 8.980
32.134, 32.143
45.840, 44.592
44.870, 44.898
30.271, 28.367
8.652, 9.184
30.041, 27.959
30.168, 28.367
7.427, 8.980
40.965, 39.286
17.713, 18.980
2.348, 2.551
44.819, 44.898
29.607, 30.102
44.844, 44.898
18.402, 19.694
44.742, 44.898
44.870, 44.898
30.168, 27.551
29.556, 27.857
30.245, 28.367
24.170, 23.878
37.340, 35.000
30.296, 28.469
14.267, 15.000
30.322, 28.469
43.670, 43.980
44.870, 44.796
30.117, 28.469
44.793, 44.898
44.181, 44.898
30.398, 28.776
44.895, 44.898
30.296, 27.755
36.192, 38.571
44.870, 44.898
29.352, 32.551
44.870, 44.898
17.713, 18.980
33.078, 30.714
41.552, 38.673
44.844, 45.306
44.844, 44.796
30.296, 28.469
36.830, 32.551
38.821, 37.041
42.624, 40.000
39.842, 38.776
44.870, 44.694
44.870, 44.898
34.201, 31.939
43.389, 44.184
28.765, 27.041
40.199, 40.816
33.589, 32.551
33.257, 30.306
30.041, 28.061
37.264, 38.878
44.870, 44.898
30.092, 28.265
30.092, 28.265
44.870, 44.898
25.753, 24.184
38.030, 39.388
44.742, 45.000
44.870, 44.898
44.870, 44.898
45.023, 45.102
32.899, 30.612
44.870, 44.898
44.870, 44.898
30.117, 28.265
33.231, 30.918
3.088, 2.347
44.870, 44.898
44.844, 44.898
44.895, 44.898
5.539, 5.102
30.194, 28.265
42.445, 42.755
32.083, 30.510
34.558, 32.041
44.997, 44.796
30.092, 28.469
41.833, 42.143
35.554, 31.837
31.266, 29.082
30.219, 29.184
44.844, 45.102
44.870, 44.898
17.892, 19.184
40.378, 36.633
18.198, 19.184
44.870, 44.694
33.410, 30.918
30.117, 28.265
34.022, 31.122
44.819, 44.898
44.895, 44.796
44.895, 44.898
44.870, 44.898
30.347, 28.776
44.359, 45.612
44.717, 44.898
44.742, 45.000
18.224, 18.878
44.666, 44.796
44.870, 44.898
18.147, 19.490
44.742, 44.898
32.338, 30.306
44.870, 44.898
44.768, 45.000
44.921, 44.694
19.781, 20.714
43.696, 43.571
44.844, 44.898
32.874, 30.510
33.818, 31.122
19.576, 20.510
17.790, 18.980
34.839, 33.776
44.870, 44.898
18.326, 19.490
42.802, 43.163
44.844, 44.898
35.988, 34.490
43.160, 41.939
31.700, 30.000
45.074, 45.000
44.895, 44.898
44.870, 44.898
44.717, 44.898
33.308, 31.429
44.870, 44.898
33.410, 30.714
30.194, 28.061
34.278, 31.735
43.262, 42.245
45.048, 45.102
15.186, 16.429
44.844, 44.898
37.749, 34.796
44.895, 45.000
33.538, 31.429
45.023, 44.490
44.717, 44.592
44.895, 44.898
33.104, 30.510
33.078, 30.714
37.213, 33.776
41.016, 43.878
44.334, 44.184
44.666, 44.694
30.092, 28.265
44.870, 44.898
31.419, 28.980
30.194, 28.265
44.844, 44.694
21.057, 23.061
Time Elapsed: 8452.813 s 
===========Genetic Algorithms=========
===========0.02=========
12.915, 14.388
17.892, 18.980
4.467, 5.510
1.991, 2.755
12.583, 13.469
44.691, 44.898
7.147, 8.469
43.492, 43.571
5.743, 5.816
44.895, 45.000
25.447, 22.857
14.216, 13.469
17.739, 18.776
23.456, 23.776
5.487, 6.327
3.446, 4.184
43.977, 44.388
44.640, 44.898
39.765, 37.449
0.408, 0.918
31.087, 29.184
41.884, 39.694
44.870, 44.898
30.143, 28.265
38.693, 38.061
44.870, 44.898
9.316, 10.204
44.793, 44.694
3.395, 2.959
44.564, 43.980
3.471, 4.184
30.117, 28.265
30.092, 27.551
30.117, 28.265
27.540, 27.755
30.373, 28.673
44.870, 44.898
44.870, 45.000
44.870, 44.898
13.757, 14.796
24.324, 25.102
17.790, 19.286
21.950, 19.490
27.846, 25.714
18.173, 18.469
3.624, 4.592
44.870, 44.898
30.117, 28.265
15.084, 15.306
29.250, 26.939
44.564, 45.000
45.227, 44.184
30.066, 28.265
44.793, 44.898
44.844, 45.102
17.739, 18.980
17.790, 18.980
29.862, 28.469
19.193, 20.816
29.862, 28.163
31.266, 30.408
45.151, 44.898
30.117, 28.265
29.275, 27.959
30.168, 28.061
44.768, 44.898
44.870, 44.898
39.995, 39.388
17.662, 18.469
33.231, 33.776
44.717, 44.694
29.939, 28.367
44.793, 44.898
44.870, 44.898
44.844, 44.898
28.050, 25.408
17.432, 18.469
44.870, 44.898
30.143, 28.265
45.202, 45.102
44.870, 44.898
44.870, 44.898
30.168, 28.265
44.870, 44.898
44.921, 44.694
44.844, 44.796
18.045, 18.571
44.666, 44.388
28.688, 27.143
18.198, 19.184
30.781, 28.980
30.117, 28.367
30.092, 28.163
30.832, 28.673
41.220, 40.714
44.334, 44.184
44.819, 45.000
35.707, 33.163
3.854, 4.286
44.385, 44.592
3.420, 4.184
31.215, 30.102
44.895, 44.898
18.045, 19.082
30.143, 28.265
30.194, 28.367
34.890, 34.694
29.913, 28.367
34.354, 31.633
18.198, 18.265
44.844, 44.898
30.602, 29.388
30.168, 27.755
37.672, 35.204
23.124, 22.143
44.844, 44.898
30.015, 28.061
29.862, 27.959
1.429, 1.531
18.938, 20.306
24.936, 25.510
44.793, 44.898
44.793, 44.898
30.066, 28.061
36.626, 38.265
44.334, 44.592
7.274, 7.347
44.870, 44.898
3.803, 4.490
17.917, 19.082
17.764, 18.878
17.713, 18.980
30.143, 28.265
29.760, 28.265
30.219, 28.163
35.681, 37.857
30.398, 28.469
29.556, 28.265
44.232, 44.694
17.866, 18.878
30.015, 28.061
11.690, 12.653
30.194, 28.061
40.123, 42.653
42.905, 43.367
30.602, 27.653
44.819, 44.898
30.219, 28.061
45.278, 45.510
44.487, 44.592
44.870, 44.898
39.535, 40.204
26.570, 26.122
3.139, 3.673
30.092, 28.265
39.178, 38.980
1.225, 2.041
44.870, 44.898
44.717, 44.796
9.622, 9.184
17.279, 18.265
38.693, 37.551
18.147, 19.286
41.424, 42.245
44.666, 44.184
30.679, 33.776
18.249, 18.980
44.946, 44.898
29.377, 27.449
30.909, 29.796
30.143, 28.061
36.447, 33.776
34.712, 33.265
17.866, 18.980
17.968, 19.184
44.895, 44.898
44.564, 44.592
44.844, 44.898
44.870, 44.898
44.742, 44.796
22.358, 23.980
44.870, 44.694
44.870, 44.592
17.739, 18.980
45.151, 43.673
12.583, 12.653
43.262, 43.878
21.159, 18.980
17.713, 18.776
17.713, 18.673
21.031, 21.224
30.296, 28.776
44.436, 44.490
43.466, 43.061
30.219, 28.163
17.713, 18.980
42.113, 41.327
43.772, 43.980
37.417, 39.490
24.502, 23.163
44.819, 44.898
Time Elapsed: 1142.516 s 
===========0.04=========
16.565, 17.755
21.593, 21.122
17.713, 18.980
29.071, 26.837
3.446, 4.184
0.485, 0.714
44.870, 44.898
17.713, 18.980
10.516, 10.714
44.844, 45.306
18.683, 19.694
3.420, 4.184
27.259, 28.061
0.332, 0.816
40.658, 42.857
44.870, 44.898
36.728, 37.041
32.236, 28.980
44.564, 44.490
4.033, 3.878
29.786, 29.592
45.406, 45.612
44.870, 44.898
0.230, 0.102
12.660, 13.265
2.808, 3.878
44.819, 44.898
38.872, 40.408
44.768, 44.796
44.870, 44.898
30.092, 28.265
44.844, 44.796
30.245, 28.367
44.257, 43.776
34.252, 31.224
17.917, 18.980
30.092, 28.265
44.870, 44.898
44.819, 44.898
44.870, 45.000
32.925, 31.020
44.870, 44.898
34.661, 31.939
30.092, 28.265
31.981, 30.306
32.695, 30.306
44.895, 44.898
32.006, 29.490
31.445, 29.388
30.117, 28.469
30.143, 28.367
44.870, 44.898
44.870, 44.898
30.117, 28.265
21.822, 23.878
44.844, 44.898
30.781, 28.980
29.913, 27.551
30.092, 28.265
20.674, 20.102
44.844, 44.796
17.790, 18.980
28.969, 27.143
44.793, 44.796
44.972, 44.898
44.513, 44.694
44.691, 44.694
44.768, 44.898
30.475, 28.776
44.870, 44.898
44.870, 44.898
23.813, 22.347
28.943, 26.939
44.870, 44.898
41.577, 41.939
30.296, 28.571
44.793, 45.102
44.870, 44.898
35.248, 31.735
30.092, 28.265
44.717, 44.694
44.844, 44.898
8.346, 10.306
17.688, 18.980
11.179, 12.041
44.768, 45.102
45.814, 46.429
44.359, 45.408
44.870, 44.898
28.892, 31.429
30.909, 29.796
38.846, 37.449
44.946, 45.000
44.870, 44.898
44.870, 44.898
30.092, 28.265
17.815, 18.980
44.717, 44.592
30.551, 29.184
33.640, 30.714
32.032, 29.796
42.598, 41.531
17.739, 18.980
44.921, 45.000
44.870, 44.898
44.870, 44.898
30.960, 29.796
30.194, 28.163
30.066, 28.367
34.252, 30.816
41.986, 39.796
36.064, 37.959
44.793, 44.898
43.977, 43.265
30.322, 28.265
43.747, 43.469
36.753, 34.286
40.735, 36.735
29.939, 28.776
44.870, 44.898
29.403, 28.469
39.510, 35.408
27.029, 26.122
39.867, 41.122
44.870, 44.898
44.870, 44.898
43.083, 44.388
44.870, 44.898
44.844, 44.898
34.201, 31.531
41.246, 36.633
34.150, 30.816
32.466, 30.204
44.870, 44.898
44.870, 44.898
32.874, 30.918
46.299, 44.592
44.436, 44.490
32.108, 30.000
44.870, 44.898
44.870, 44.898
24.962, 26.939
44.793, 44.898
44.436, 42.959
44.870, 44.898
30.168, 28.265
44.870, 44.898
44.870, 44.898
44.870, 44.898
44.691, 44.592
44.972, 42.449
42.930, 39.796
44.870, 44.898
41.246, 37.755
44.844, 44.898
30.092, 28.265
45.967, 42.653
44.895, 42.041
44.334, 42.551
45.610, 43.265
37.519, 33.878
44.870, 44.898
44.768, 44.898
44.921, 45.306
33.742, 33.980
30.066, 28.163
30.168, 29.184
41.654, 43.776
32.440, 30.204
46.350, 43.265
33.282, 31.429
32.772, 29.490
44.691, 44.796
37.570, 37.245
44.870, 45.000
44.870, 44.898
44.870, 44.898
40.939, 37.143
32.950, 32.449
44.819, 44.898
44.870, 44.898
45.865, 44.490
33.078, 34.388
45.329, 43.469
43.696, 40.918
44.870, 44.898
45.610, 42.959
38.132, 34.592
44.334, 44.694
30.679, 29.388
44.691, 43.776
28.612, 27.857
46.274, 42.857
44.870, 44.898
30.985, 29.592
44.691, 44.898
30.577, 31.327
36.498, 33.571
18.479, 20.510
30.398, 28.878
45.227, 42.245
Time Elapsed: 3310.977 s 
===========0.06=========
0.281, 0.204
0.510, 0.612
1.455, 2.143
3.241, 2.857
27.489, 25.816
37.800, 38.265
3.012, 2.551
35.145, 34.694
17.713, 18.980
15.544, 16.122
44.819, 44.694
44.870, 44.898
44.819, 44.898
4.926, 5.204
44.104, 43.776
30.245, 28.367
31.266, 28.776
16.947, 16.224
5.283, 4.184
30.092, 28.265
39.535, 36.224
17.764, 18.980
44.870, 44.898
27.948, 27.041
30.041, 28.469
17.713, 18.980
32.210, 34.796
44.819, 44.592
43.594, 43.673
11.945, 10.408
44.895, 44.898
44.768, 44.796
44.819, 44.898
44.870, 44.898
44.895, 45.000
44.870, 44.898
44.793, 44.898
40.888, 39.898
31.649, 30.000
44.793, 44.694
24.962, 23.469
18.096, 19.592
44.793, 44.898
44.870, 44.898
44.232, 44.796
44.819, 44.898
29.964, 28.061
39.944, 39.490
44.768, 44.898
44.742, 44.898
44.870, 44.898
3.650, 4.388
44.870, 44.898
30.117, 28.265
29.939, 28.265
44.538, 44.592
30.858, 28.571
43.441, 44.490
17.713, 18.980
44.870, 44.898
44.793, 45.000
17.713, 18.980
37.647, 40.102
44.870, 44.898
44.742, 45.102
30.117, 28.163
30.909, 29.082
44.870, 44.898
44.844, 44.898
42.011, 42.143
44.410, 44.592
44.870, 44.898
30.117, 28.265
44.793, 44.796
44.870, 44.898
44.589, 44.796
17.764, 19.286
44.793, 45.102
18.683, 20.102
44.793, 44.898
42.956, 42.959
44.844, 45.612
17.713, 18.980
30.219, 28.776
44.589, 44.796
30.117, 28.265
44.921, 45.102
44.793, 44.694
40.097, 41.633
21.950, 23.878
30.449, 28.469
30.092, 28.265
44.895, 45.102
44.870, 44.898
30.041, 28.367
29.505, 28.571
44.870, 45.000
44.870, 44.898
44.768, 45.000
44.717, 44.898
30.117, 28.265
31.240, 30.918
30.041, 28.367
44.870, 44.898
44.308, 44.898
44.870, 44.898
29.913, 28.367
44.461, 45.102
17.815, 19.184
44.308, 44.490
44.640, 44.898
29.888, 30.612
44.870, 44.898
44.844, 45.000
39.867, 37.959
44.870, 44.898
15.493, 17.857
44.870, 44.898
31.521, 29.388
44.819, 44.898
35.707, 31.531
44.870, 44.898
39.051, 35.612
30.143, 28.367
43.619, 44.082
44.819, 45.000
29.786, 28.469
44.870, 44.898
44.870, 44.898
41.067, 38.367
30.679, 29.184
44.793, 45.000
31.776, 30.918
43.211, 43.980
44.640, 44.898
44.870, 44.898
31.674, 30.204
44.742, 44.898
44.844, 44.898
44.768, 45.102
34.150, 34.898
40.046, 42.245
38.540, 35.714
39.867, 36.531
23.890, 21.327
31.751, 29.082
44.870, 44.898
44.844, 45.000
30.143, 27.959
44.870, 44.898
44.793, 44.898
37.111, 35.714
30.449, 31.327
44.844, 44.898
44.870, 44.898
44.870, 44.898
44.819, 45.000
41.577, 40.000
44.844, 44.898
44.870, 44.898
44.793, 44.796
44.870, 44.898
44.819, 44.898
44.870, 44.898
34.941, 36.837
44.895, 44.898
44.870, 44.898
44.308, 44.592
44.768, 44.898
29.939, 28.163
44.844, 44.898
30.347, 29.184
44.946, 44.184
44.793, 45.000
44.895, 44.898
44.385, 44.898
44.870, 44.898
44.793, 44.898
44.844, 44.898
44.768, 44.796
44.819, 44.898
44.819, 45.000
44.487, 44.898
44.844, 44.898
44.870, 44.898
44.870, 44.898
44.589, 44.694
44.844, 44.898
44.232, 44.490
44.589, 44.796
44.742, 44.694
41.271, 37.653
44.870, 44.898
34.712, 36.327
30.143, 28.367
34.558, 36.939
31.266, 29.694
30.041, 29.388
44.870, 44.898
44.640, 44.796
30.296, 28.571
Time Elapsed: 6318.745 s
===========Backpropagation=========
44.742,46.327
44.717,45.102
45.304,45.714
45.023,45.102
44.870,44.898
45.048,45.000
44.997,45.102
45.100,45.000
44.946,45.000
45.048,45.102
44.921,45.000
45.048,45.102
45.023,45.000
45.023,45.102
44.997,45.102
45.023,45.102
45.074,45.102
44.972,44.796
45.074,45.102
45.023,45.102
44.972,44.592
45.074,44.898
45.151,45.102
45.100,45.102
45.125,45.102
45.176,45.000
45.151,45.204
45.202,45.204
45.151,45.204
45.202,45.102
45.176,45.102
45.227,45.102
45.176,45.204
45.202,45.204
45.176,45.306
45.202,45.306
45.202,45.306
45.151,45.306
45.176,45.408
45.202,45.408
45.253,45.408
45.253,45.408
45.304,45.408
45.278,45.408
45.278,45.408
45.431,45.306
45.457,45.306
45.406,45.306
45.457,45.510
45.482,45.408
45.482,45.408
45.482,45.510
45.559,45.408
45.457,45.102
45.559,45.408
45.584,45.408
45.636,45.408
45.610,45.510
45.687,45.510
45.814,45.408
46.605,46.939
46.708,46.837
46.988,46.020
46.963,46.224
47.116,46.837
47.090,46.224
46.963,46.429
47.243,46.122
47.320,46.531
47.422,46.327
47.448,47.041
47.397,46.020
47.448,46.224
47.524,46.429
47.728,46.735
47.882,46.531
47.575,46.429
47.728,46.837
47.933,46.735
48.035,46.633
47.754,47.041
48.060,46.735
48.111,46.837
48.086,46.837
48.111,47.245
48.162,47.041
48.086,46.939
48.035,47.041
48.264,46.837
48.162,46.939
48.315,46.939
48.213,46.837
48.213,47.041
48.111,46.939
48.162,46.327
48.315,47.143
48.418,47.041
48.341,47.143
48.239,46.735
48.009,46.735
48.418,46.735
48.341,46.735
48.520,46.531
48.571,46.633
48.162,46.735
48.213,46.735
47.907,46.633
47.524,46.327
48.060,46.122
48.009,46.327
48.673,46.020
48.213,45.510
48.800,47.143
48.698,45.816
48.622,45.816
49.158,46.531
49.387,46.633
49.081,46.327
48.622,46.327
49.311,46.429
49.541,46.633
49.490,46.429
49.821,46.633
50.051,46.429
50.102,46.633
49.872,46.633
49.617,45.918
50.740,47.245
50.408,47.245
49.898,47.041
49.592,46.735
51.200,47.959
50.128,47.551
49.847,46.735
50.536,46.939
50.128,46.837
50.179,46.939
50.383,46.837
50.715,46.837
50.715,46.429
50.817,46.327
50.944,47.551
50.868,46.531
50.919,47.041
50.791,46.224
51.072,46.429
50.919,46.429
50.944,46.327
51.046,46.429
51.021,46.429
50.562,46.122
50.944,46.429
50.842,46.327
50.970,46.122
50.613,46.020
50.766,46.122
50.868,46.020
50.944,46.020
50.868,46.020
50.587,45.918
50.995,45.918
51.046,46.020
51.149,46.327
50.715,45.918
50.740,45.816
50.689,45.816
50.587,45.510
50.536,45.408
50.434,45.102
51.097,46.735
50.485,45.408
50.255,45.204
50.357,45.204
50.434,45.204
50.434,45.510
50.434,45.816
50.434,45.612
51.046,46.939
50.664,45.306
50.842,45.714
50.408,45.918
50.357,45.714
50.919,46.429
50.664,45.918
50.638,45.918
50.459,45.816
50.434,45.816
50.970,46.429
50.562,46.122
50.536,46.020
51.021,46.122
50.613,46.122
50.536,46.122
50.613,46.020
50.944,46.020
50.817,46.429
50.817,46.531
50.740,46.531
50.842,46.429
50.893,46.429
50.919,46.224
Train Accuracy: 50.919% 
Test Accuracy: 46.224% 
Time Elapsed: 11.123 s 
===========RHC=========
30.117, 28.265
30.117, 28.265
30.117, 28.265
30.117, 28.265
30.117, 28.265
30.117, 28.265
30.117, 28.265
30.117, 28.265
30.117, 28.265
30.117, 28.265
30.117, 28.265
30.117, 28.265
30.117, 28.265
30.117, 28.265
30.117, 28.265
30.117, 28.265
30.117, 28.265
30.066, 28.163
30.066, 28.163
30.066, 28.163
30.066, 28.163
30.066, 28.163
30.066, 28.163
30.066, 28.163
30.066, 28.163
30.066, 28.163
30.117, 28.265
30.066, 28.163
30.066, 28.163
30.066, 28.163
30.117, 28.265
30.066, 28.163
30.066, 28.163
30.041, 28.163
30.041, 28.163
30.041, 28.163
30.041, 28.163
30.092, 28.163
30.041, 28.163
30.041, 28.163
30.041, 28.163
30.041, 28.163
30.041, 28.163
30.041, 28.163
30.066, 28.163
30.041, 28.163
30.041, 28.163
30.117, 28.163
30.041, 28.163
29.888, 28.061
29.888, 28.061
29.888, 28.061
29.888, 28.061
29.913, 28.061
29.837, 27.959
29.837, 27.959
29.837, 27.959
29.837, 27.959
29.837, 27.959
29.837, 27.959
29.837, 27.959
29.837, 27.959
29.760, 27.959
29.760, 27.959
29.735, 27.959
29.735, 27.959
29.735, 27.959
29.786, 28.061
29.556, 27.347
29.837, 28.061
29.837, 28.061
29.837, 28.061
29.837, 28.061
29.837, 28.061
29.837, 28.061
29.837, 28.061
29.837, 28.061
29.837, 28.061
29.837, 28.061
29.837, 28.061
29.837, 28.061
29.837, 28.061
29.837, 28.061
29.837, 28.061
29.837, 28.061
29.888, 28.061
29.837, 28.061
29.888, 28.061
29.862, 28.061
29.888, 28.061
29.888, 28.061
29.888, 28.061
29.888, 28.061
29.837, 28.061
29.888, 28.061
29.888, 28.061
29.837, 28.163
29.837, 28.061
29.888, 28.061
29.888, 28.061
29.888, 28.061
29.888, 28.061
29.888, 28.061
29.888, 28.061
29.837, 28.163
29.837, 28.163
29.837, 28.163
29.837, 28.163
29.684, 28.061
29.684, 28.061
29.684, 28.061
29.684, 28.061
29.760, 28.061
29.760, 28.061
29.760, 28.061
29.760, 28.061
29.760, 28.061
29.760, 28.061
29.760, 28.061
29.735, 28.061
29.735, 28.061
29.735, 28.061
29.735, 28.061
29.735, 28.061
29.811, 28.061
29.837, 28.163
29.837, 28.163
29.837, 28.163
29.888, 28.469
29.913, 28.469
29.913, 28.469
29.913, 28.469
29.939, 28.571
29.939, 28.571
29.939, 28.571
29.939, 28.571
29.939, 28.571
29.939, 28.571
29.939, 28.571
29.939, 28.571
29.939, 28.571
29.939, 28.571
29.862, 28.469
29.837, 28.367
29.862, 28.469
29.862, 28.469
29.862, 28.469
29.862, 28.469
29.862, 28.469
29.862, 28.469
29.964, 28.571
29.862, 28.469
29.862, 28.469
29.862, 28.469
29.913, 28.469
29.913, 28.469
29.913, 28.469
29.913, 28.469
30.015, 28.571
30.015, 28.571
30.015, 28.571
30.015, 28.571
30.015, 28.571
30.015, 28.571
29.990, 28.469
30.015, 28.571
30.015, 28.571
30.015, 28.571
30.015, 28.571
30.015, 28.571
30.015, 28.571
30.015, 28.571
29.990, 28.571
29.964, 28.571
29.964, 28.571
29.964, 28.571
29.964, 28.571
29.964, 28.571
29.964, 28.571
29.964, 28.571
29.964, 28.571
29.964, 28.571
29.990, 28.571
29.964, 28.571
29.964, 28.571
30.117, 28.265
30.117, 28.265
30.117, 28.265
30.117, 28.265
30.117, 28.265
30.117, 28.265
30.117, 28.265
30.117, 28.265
30.117, 28.265
30.117, 28.265
30.117, 28.265
30.117, 28.265
30.117, 28.265
30.117, 28.265
30.117, 28.265
30.117, 28.265
30.117, 28.265
30.117, 28.265
30.117, 28.265
30.117, 28.265
30.271, 28.367
30.271, 28.367
30.271, 28.367
30.194, 28.265
30.271, 28.367
30.245, 28.367
30.271, 28.367
30.271, 28.367
30.245, 28.367
30.271, 28.367
30.271, 28.367
30.271, 28.367
30.271, 28.367
30.271, 28.367
30.271, 28.367
30.271, 28.367
30.271, 28.367
30.271, 28.367
30.322, 28.265
30.322, 28.265
30.322, 28.265
30.322, 28.265
30.322, 28.265
30.322, 28.265
30.322, 28.265
30.347, 28.367
30.347, 28.367
44.793, 44.490
44.793, 44.490
44.768, 44.490
44.768, 44.490
44.768, 44.490
44.768, 44.592
44.768, 44.592
44.768, 44.592
44.768, 44.592
44.895, 44.796
44.768, 44.592
44.768, 44.592
44.768, 44.592
44.768, 44.592
44.793, 44.592
44.844, 44.694
44.768, 44.592
44.768, 44.592
44.768, 44.592
44.768, 44.592
44.768, 44.592
44.768, 44.592
44.768, 44.592
44.768, 44.592
44.895, 44.592
44.895, 44.592
44.895, 44.592
44.870, 44.592
44.895, 44.592
44.921, 44.796
44.870, 44.490
44.895, 44.592
44.895, 44.592
44.895, 44.592
44.768, 44.490
30.807, 28.776
44.895, 44.592
44.895, 44.592
44.895, 44.592
44.895, 44.592
44.895, 44.592
44.870, 44.592
44.895, 44.592
44.895, 44.592
44.895, 44.592
44.895, 44.592
44.895, 44.592
44.895, 44.592
44.895, 44.592
44.895, 44.592
44.870, 44.898
44.895, 44.592
44.895, 44.592
44.895, 44.592
44.895, 44.592
44.870, 44.592
44.870, 44.592
44.870, 44.592
44.870, 44.592
44.895, 44.592
44.870, 44.592
44.895, 44.592
44.895, 44.592
44.895, 44.592
44.895, 44.592
44.895, 44.592
44.895, 44.592
44.895, 44.592
44.895, 44.592
31.419, 29.184
44.895, 44.592
44.895, 44.592
44.895, 44.592
44.895, 44.592
44.895, 44.592
44.895, 44.592
44.895, 44.592
44.895, 44.592
44.895, 44.592
44.895, 44.592
44.946, 44.592
44.895, 44.592
44.895, 44.592
44.946, 44.592
44.946, 44.592
44.946, 44.592
44.946, 44.592
44.946, 44.694
44.946, 44.694
44.946, 44.694
44.946, 44.694
44.946, 44.694
44.946, 44.694
30.781, 28.878
44.946, 44.694
44.972, 44.694
44.972, 44.694
44.972, 44.694
44.972, 44.694
44.972, 44.694
44.972, 44.694
44.972, 44.694
44.946, 44.796
44.972, 44.694
44.972, 44.694
44.972, 44.694
44.972, 44.694
44.972, 44.694
44.972, 44.694
44.972, 44.694
44.972, 44.694
44.972, 44.694
44.972, 44.694
44.972, 44.694
44.972, 44.694
44.972, 44.694
44.946, 44.694
44.946, 44.796
44.946, 44.694
44.946, 44.694
44.946, 44.694
44.946, 44.694
30.296, 28.367
44.870, 44.796
44.946, 44.694
44.946, 44.694
44.946, 44.694
44.946, 44.694
44.946, 44.694
44.946, 44.694
44.946, 44.694
44.946, 44.694
44.895, 44.694
44.946, 44.694
44.946, 44.694
44.946, 44.694
44.972, 44.694
44.946, 44.694
44.972, 44.694
44.946, 44.694
44.946, 44.694
44.946, 44.694
44.946, 44.694
44.946, 44.694
44.946, 44.694
44.946, 44.694
44.946, 44.694
44.946, 44.694
44.946, 44.694
44.946, 44.694
44.946, 44.694
44.946, 44.694
44.946, 44.694
44.946, 44.694
44.946, 44.694
44.946, 44.694
44.946, 44.694
45.023, 44.694
44.946, 44.898
44.946, 44.694
44.946, 44.694
44.946, 44.694
44.946, 44.694
44.946, 44.694
44.946, 44.694
44.717, 44.592
44.946, 44.694
44.946, 44.694
44.946, 44.694
44.946, 44.694
44.946, 44.694
44.997, 45.000
44.997, 45.000
44.997, 45.000
44.997, 45.000
45.023, 45.000
44.997, 45.000
44.997, 45.000
44.997, 45.000
44.997, 45.000
44.997, 45.000
44.997, 45.000
44.997, 45.000
44.997, 45.000
44.997, 45.000
44.997, 45.000
44.997, 45.000
44.997, 45.000
45.023, 44.796
44.997, 45.000
44.997, 45.000
44.997, 45.000
44.997, 45.000
44.997, 45.000
44.997, 45.000
44.972, 45.000
44.997, 44.898
44.997, 44.898
44.997, 44.898
44.997, 44.898
44.997, 44.898
44.997, 44.898
44.997, 44.898
44.946, 44.694
45.023, 44.898
44.997, 45.000
44.997, 44.898
44.972, 44.898
44.972, 44.898
44.972, 44.898
45.048, 45.000
44.972, 44.898
44.972, 44.898
44.972, 44.898
44.972, 44.898
44.972, 44.898
44.972, 44.898
44.972, 44.898
44.946, 44.898
44.946, 44.898
44.946, 44.898
44.946, 44.898
44.946, 44.898
44.946, 44.898
44.946, 44.898
44.946, 44.898
44.946, 44.898
44.946, 44.898
44.946, 44.898
44.946, 44.898
44.946, 44.898
44.921, 44.796
44.946, 44.898
44.946, 44.898
44.946, 44.898
44.946, 44.898
44.946, 44.898
44.921, 44.796
44.946, 44.898
44.972, 44.898
44.946, 44.898
44.946, 44.898
44.921, 44.796
44.946, 44.898
44.946, 44.898
44.946, 44.898
44.946, 44.898
44.946, 44.898
44.946, 44.898
44.946, 44.898
44.946, 44.898
44.946, 44.898
44.844, 44.796
44.946, 44.898
44.946, 44.898
44.946, 44.898
44.895, 44.796
44.946, 44.898
44.921, 45.000
44.870, 44.898
44.921, 45.000
44.921, 45.000
44.895, 44.898
44.921, 45.000
44.972, 44.796
44.946, 45.102
44.921, 45.000
44.921, 45.000
44.921, 45.000
Time Elapsed: 31.786 s 
31.786
========================
Simulated Annealing Changing Cooling
===========Simulated Annealing=========
== Cooling 0.6 ==
3.241, 2.857
3.446, 2.959
3.420, 2.959
3.420, 2.959
3.420, 2.959
3.420, 2.959
3.420, 2.959
3.420, 2.959
3.420, 2.959
3.446, 2.959
3.420, 2.959
3.420, 2.959
3.420, 2.959
3.420, 2.959
3.420, 2.959
3.420, 2.959
3.420, 2.959
3.420, 2.959
3.420, 2.959
3.420, 2.959
3.420, 2.959
3.420, 2.959
3.420, 2.959
3.420, 2.959
3.420, 2.959
3.395, 2.959
3.395, 2.959
3.420, 2.959
3.420, 2.959
3.395, 2.959
3.446, 2.959
3.446, 2.959
3.446, 2.959
3.446, 2.959
3.446, 2.959
3.446, 2.959
2.757, 2.347
2.757, 2.347
2.808, 2.347
2.808, 2.347
2.808, 2.347
2.808, 2.347
2.808, 2.347
2.757, 2.347
2.808, 2.347
2.757, 2.347
2.808, 2.347
3.471, 2.959
1.991, 1.837
1.991, 1.837
2.374, 2.245
2.374, 2.245
2.374, 2.245
2.374, 2.245
2.374, 2.245
2.374, 2.245
2.374, 2.245
2.374, 2.245
2.374, 2.245
2.323, 2.143
18.760, 19.082
18.989, 19.694
41.858, 42.959
41.858, 42.959
41.858, 42.959
42.164, 42.959
42.164, 42.959
32.772, 31.327
32.797, 31.327
32.797, 31.327
32.797, 31.327
30.985, 30.102
34.380, 32.449
34.227, 32.653
26.927, 24.388
34.405, 32.755
34.405, 32.755
34.405, 32.755
34.405, 32.755
34.405, 32.755
36.269, 34.694
34.405, 32.755
35.145, 33.061
35.120, 33.061
35.145, 33.061
35.145, 33.061
35.401, 33.367
44.972, 45.000
44.972, 45.000
44.972, 45.000
44.921, 45.102
44.997, 45.204
45.023, 45.204
45.023, 45.204
45.023, 45.204
45.023, 45.204
45.278, 45.612
45.023, 45.306
45.023, 45.306
45.380, 45.408
45.023, 45.306
45.023, 45.306
44.921, 45.306
45.023, 45.306
44.895, 44.898
45.023, 45.306
45.023, 45.306
45.023, 45.306
45.023, 45.306
45.023, 45.306
45.023, 45.306
45.023, 45.306
45.023, 45.306
45.023, 45.306
44.742, 45.306
45.023, 45.306
45.023, 45.306
45.023, 45.306
45.023, 45.306
45.023, 45.306
45.023, 45.306
45.023, 45.306
45.023, 45.306
45.023, 45.306
45.023, 45.306
45.023, 45.306
45.023, 45.306
45.023, 45.306
45.023, 45.306
45.023, 45.306
45.023, 45.306
45.278, 45.306
45.074, 45.000
44.997, 45.000
44.997, 45.000
44.997, 45.000
45.023, 45.000
44.308, 43.980
45.023, 45.000
45.023, 45.000
45.023, 45.000
45.023, 45.000
45.023, 45.000
45.023, 45.000
45.023, 45.000
45.023, 45.000
45.023, 45.000
45.023, 45.000
45.023, 45.000
45.023, 45.000
45.023, 45.000
45.023, 45.000
45.023, 45.000
44.997, 45.000
45.023, 45.306
45.023, 45.306
45.023, 45.306
45.023, 45.306
45.023, 45.306
45.023, 45.306
45.023, 45.306
45.023, 45.306
45.023, 45.306
45.023, 45.306
45.023, 45.306
45.023, 45.306
45.023, 45.306
45.023, 45.306
45.023, 45.306
45.023, 45.306
45.023, 45.306
45.023, 45.306
45.329, 45.408
45.023, 45.306
45.023, 45.306
45.023, 45.306
45.023, 45.306
45.023, 45.306
44.895, 45.000
45.023, 45.306
45.023, 45.306
45.023, 45.306
45.023, 45.306
45.023, 45.306
45.023, 45.306
45.023, 45.306
45.023, 45.306
45.074, 45.306
45.074, 45.306
45.074, 45.306
45.074, 45.306
45.074, 45.306
45.074, 45.306
45.074, 45.306
45.074, 45.306
45.074, 45.306
45.074, 45.306
45.074, 45.306
35.248, 33.673
44.870, 44.898
45.074, 45.306
45.074, 45.408
45.074, 45.306
45.074, 45.306
45.202, 45.204
45.074, 45.408
45.074, 45.408
45.074, 45.408
45.074, 45.408
45.074, 45.408
45.074, 45.408
45.074, 45.408
45.074, 45.408
45.074, 45.408
45.074, 45.408
45.074, 45.408
45.074, 45.408
45.074, 45.408
45.074, 45.408
45.074, 45.408
45.074, 45.408
31.674, 30.204
45.074, 45.408
45.074, 45.408
45.074, 45.408
44.972, 45.204
45.074, 45.408
45.074, 45.408
45.074, 45.408
45.074, 45.408
45.074, 45.408
45.074, 45.408
45.074, 45.408
45.074, 45.408
45.074, 45.408
45.074, 45.408
45.074, 45.408
45.074, 45.408
45.074, 45.408
45.074, 45.408
45.074, 45.408
45.074, 45.408
45.074, 45.408
31.623, 30.204
45.074, 45.408
45.074, 45.408
45.074, 45.408
45.074, 45.408
45.074, 45.408
45.074, 45.408
45.074, 45.408
45.074, 45.408
45.074, 45.408
45.074, 45.408
45.074, 45.408
45.074, 45.408
45.074, 45.408
44.870, 44.898
45.074, 45.408
45.074, 45.408
45.074, 45.408
45.074, 45.408
44.921, 44.796
45.074, 45.408
45.074, 45.510
44.870, 45.000
45.023, 45.408
45.253, 45.612
45.253, 45.612
45.227, 45.612
45.227, 45.612
45.227, 45.612
45.304, 45.408
45.304, 45.408
45.304, 45.408
45.304, 45.408
45.304, 45.408
45.304, 45.408
45.304, 45.408
45.304, 45.408
45.304, 45.408
45.380, 45.102
45.380, 45.102
39.740, 40.612
45.380, 45.102
45.380, 45.102
45.380, 45.102
45.380, 45.102
45.253, 45.306
45.329, 45.408
45.380, 45.102
45.380, 45.102
45.406, 45.204
45.380, 45.102
45.380, 45.102
45.380, 45.102
45.380, 45.102
45.380, 45.102
45.329, 45.306
45.380, 45.102
45.380, 45.102
45.380, 45.102
45.329, 45.102
45.380, 45.102
44.870, 44.898
45.380, 45.102
45.380, 45.102
45.380, 45.102
45.380, 45.102
45.380, 45.102
45.431, 45.204
45.431, 45.204
45.457, 45.204
45.457, 45.204
45.457, 45.204
45.457, 45.204
45.457, 45.204
31.394, 29.388
45.457, 45.204
45.457, 45.204
45.457, 45.204
45.457, 45.204
45.457, 45.204
45.457, 45.204
45.457, 45.204
45.457, 45.204
45.457, 45.204
45.457, 45.204
45.457, 45.204
45.482, 45.204
45.482, 45.204
45.482, 45.204
45.431, 45.204
45.482, 45.204
45.482, 45.204
45.023, 45.000
45.457, 45.204
45.533, 45.000
45.533, 45.000
45.533, 45.000
45.431, 45.306
45.431, 45.306
45.431, 45.306
45.431, 45.306
45.431, 45.306
45.431, 45.306
45.431, 45.306
45.431, 45.306
45.457, 45.306
45.431, 45.306
45.891, 45.204
44.461, 44.694
45.431, 45.306
45.406, 45.306
45.431, 45.306
45.661, 45.816
45.738, 45.612
45.636, 45.816
45.661, 45.816
45.661, 45.816
45.661, 45.816
45.636, 45.816
45.661, 45.816
45.661, 45.816
45.661, 45.816
45.661, 45.816
45.304, 45.306
45.661, 45.816
45.661, 45.816
45.661, 45.816
45.636, 45.816
45.661, 45.816
45.661, 45.816
45.559, 45.918
45.942, 45.204
45.661, 45.816
45.661, 45.816
45.661, 45.816
45.482, 45.714
45.661, 45.816
45.661, 45.816
45.661, 45.816
45.661, 45.816
45.661, 45.816
45.661, 45.816
45.661, 45.816
45.661, 45.816
45.636, 45.816
45.661, 45.816
45.636, 45.816
45.661, 45.816
45.661, 45.816
45.636, 45.816
45.610, 45.816
45.636, 45.816
45.636, 45.816
45.636, 45.816
45.636, 45.816
45.636, 45.816
45.431, 45.816
45.942, 45.102
45.636, 45.816
45.636, 45.816
45.636, 45.816
45.636, 45.816
45.559, 45.816
45.636, 45.816
45.636, 45.816
45.636, 45.816
45.687, 45.612
45.636, 45.816
45.636, 45.816
45.559, 45.612
45.559, 45.612
45.559, 45.612
45.993, 45.306
45.993, 45.306
45.993, 45.306
45.993, 45.204
32.083, 30.816
45.993, 45.306
46.044, 45.510
45.942, 45.306
45.993, 45.306
45.993, 45.306
45.967, 45.306
38.566, 38.061
45.916, 45.204
32.006, 30.510
45.993, 45.306
45.993, 45.306
45.789, 45.306
45.993, 45.306
45.789, 44.898
45.814, 44.898
45.814, 44.898
45.814, 44.898
45.559, 44.184
45.814, 44.898
45.763, 45.000
45.814, 44.898
45.814, 44.898
45.814, 44.898
45.814, 44.898
45.814, 44.898
45.789, 44.898
45.789, 44.898
45.048, 44.592
45.789, 44.898
45.789, 44.898
45.789, 44.898
45.789, 44.898
45.789, 44.898
45.814, 44.796
45.789, 44.898
45.533, 46.020
45.738, 45.306
45.942, 45.918
45.712, 45.612
45.942, 45.918
45.865, 45.714
30.194, 28.061
45.942, 46.122
45.865, 45.714
45.865, 45.714
45.865, 45.816
45.687, 45.816
45.891, 45.816
45.891, 45.816
45.891, 45.816
45.891, 45.816
45.891, 45.816
45.891, 45.816
45.891, 45.816
45.891, 45.816
45.942, 46.224
45.712, 46.122
45.891, 45.816
45.814, 45.714
45.891, 45.816
45.891, 45.816
44.946, 45.612
45.891, 45.816
45.891, 45.816
45.891, 45.816
45.891, 45.816
45.891, 45.816
45.891, 45.816
45.891, 45.816
45.865, 45.918
45.789, 45.714
45.891, 45.816
45.891, 45.816
45.891, 45.816
45.891, 45.816
45.891, 45.816
45.891, 45.816
45.891, 45.816
45.865, 45.816
45.865, 45.816
45.865, 45.816
Time Elapsed: 32.875 s 
===========Simulated Annealing=========
== Cooling 0.7 ==
3.395, 2.959
3.395, 2.959
3.395, 2.959
3.395, 2.959
3.395, 2.959
3.395, 2.959
3.395, 2.959
3.701, 3.367
3.701, 3.367
3.420, 3.061
3.420, 3.061
3.420, 3.061
3.420, 3.061
3.420, 3.061
3.012, 2.857
3.216, 2.755
3.241, 2.755
6.611, 6.429
6.534, 6.429
6.534, 6.429
6.406, 6.327
6.406, 6.327
6.406, 6.327
6.457, 6.224
6.457, 6.224
16.386, 15.408
16.386, 15.408
7.887, 7.041
7.912, 7.041
7.912, 7.041
7.912, 7.041
7.912, 7.041
7.912, 7.041
7.963, 7.245
7.963, 7.245
7.963, 7.245
7.708, 7.143
7.708, 7.143
7.734, 7.143
7.734, 7.143
7.300, 6.837
7.580, 6.939
7.912, 7.347
7.912, 7.347
14.063, 12.449
14.319, 12.755
14.319, 12.755
14.344, 12.653
19.398, 16.837
19.321, 16.633
19.602, 17.143
19.602, 17.143
19.602, 17.143
21.261, 19.184
21.261, 19.184
21.235, 19.184
21.261, 19.184
19.704, 17.143
21.057, 19.184
21.261, 19.184
21.261, 19.184
21.261, 19.184
21.261, 19.184
19.398, 16.735
21.235, 19.184
20.648, 18.061
21.261, 19.184
21.235, 19.286
21.286, 19.286
21.286, 19.286
21.286, 19.286
21.286, 19.286
21.286, 19.286
21.312, 19.286
21.822, 19.388
21.822, 19.388
21.822, 19.388
21.822, 19.388
21.873, 19.388
21.873, 19.388
21.235, 19.082
21.873, 19.388
21.873, 19.388
21.873, 19.388
22.920, 20.204
22.920, 20.204
23.201, 20.612
22.920, 20.204
22.920, 20.204
22.920, 20.204
22.920, 20.204
22.920, 20.204
22.996, 20.306
22.920, 20.204
22.920, 20.204
22.894, 20.204
22.920, 20.204
22.920, 20.204
20.955, 18.980
22.920, 20.204
22.920, 20.204
22.920, 20.204
22.920, 20.204
23.099, 20.408
22.996, 20.306
22.920, 20.204
22.920, 20.204
22.920, 20.204
22.920, 20.204
22.920, 20.204
22.920, 20.204
22.920, 20.204
22.920, 20.204
15.008, 12.449
22.920, 20.204
22.920, 20.204
22.920, 20.204
22.920, 20.204
22.665, 20.102
22.920, 20.204
22.384, 19.898
22.920, 20.204
22.920, 20.204
22.920, 20.204
22.920, 20.204
24.758, 22.347
24.758, 22.347
24.400, 22.041
24.400, 22.041
27.642, 25.306
24.400, 22.041
24.451, 22.041
23.405, 21.531
24.400, 22.041
24.400, 22.041
24.400, 22.041
24.400, 22.041
24.400, 22.041
24.400, 22.041
24.400, 22.041
24.400, 22.041
24.426, 22.041
24.502, 22.245
24.502, 22.245
24.502, 22.245
24.502, 22.245
24.502, 22.245
24.502, 22.245
24.502, 22.245
24.502, 22.245
23.813, 21.633
23.813, 21.633
24.783, 22.449
23.813, 21.633
21.567, 19.490
23.813, 21.633
23.379, 21.327
23.813, 21.633
23.813, 21.633
23.813, 21.633
23.813, 21.633
23.813, 21.633
23.813, 21.633
23.813, 21.633
23.813, 21.633
23.813, 21.633
23.813, 21.633
23.813, 21.633
23.813, 21.633
23.813, 21.633
24.604, 22.347
24.604, 22.347
24.604, 22.347
24.604, 22.347
24.604, 22.347
24.604, 22.347
24.604, 22.347
24.604, 22.347
24.604, 22.347
24.604, 22.347
23.507, 21.429
23.252, 20.918
23.507, 21.429
23.507, 21.429
23.507, 21.429
23.507, 21.429
23.635, 21.429
23.456, 21.429
23.507, 21.429
23.507, 21.429
23.507, 21.429
23.507, 21.429
23.481, 21.429
23.481, 21.429
21.440, 19.388
23.481, 21.429
23.481, 21.429
23.124, 21.122
23.481, 21.429
23.481, 21.429
23.481, 21.429
24.170, 21.939
23.481, 21.429
26.442, 23.673
23.405, 21.224
23.481, 21.429
23.481, 21.429
23.481, 21.429
23.532, 21.429
21.465, 19.388
23.150, 21.224
24.375, 22.143
24.222, 21.837
24.375, 22.143
24.375, 22.143
23.915, 21.633
24.375, 22.143
24.375, 22.143
25.702, 23.163
25.702, 23.163
25.702, 23.163
25.932, 23.265
25.932, 23.265
23.379, 21.531
21.235, 18.265
23.379, 21.531
23.379, 21.531
23.201, 21.122
23.379, 21.531
23.354, 21.531
23.277, 21.531
23.354, 21.531
24.094, 21.735
24.094, 21.735
24.196, 21.837
25.319, 23.061
26.340, 24.184
26.314, 24.184
26.340, 24.184
27.029, 25.000
26.340, 24.184
26.519, 24.490
30.373, 28.265
30.551, 28.469
30.551, 28.469
29.301, 26.837
31.827, 30.102
31.853, 30.102
31.674, 29.898
31.827, 30.102
35.273, 33.265
36.345, 34.796
36.345, 34.796
36.345, 34.796
32.772, 31.224
36.345, 34.796
36.166, 34.490
36.294, 34.592
34.022, 31.837
36.294, 34.592
32.848, 31.429
36.294, 34.592
36.294, 34.592
33.895, 31.224
36.294, 34.592
36.294, 34.592
36.294, 34.592
36.677, 35.102
36.728, 35.204
36.651, 35.204
36.753, 35.816
36.728, 35.204
32.848, 31.429
32.848, 31.429
36.626, 36.122
36.626, 36.122
36.626, 36.122
37.085, 37.041
37.085, 37.041
37.085, 37.041
36.804, 36.633
37.417, 36.939
37.085, 37.041
37.085, 37.041
37.085, 37.041
37.085, 37.041
37.647, 37.245
37.085, 37.041
37.340, 37.143
37.289, 36.633
36.958, 36.531
37.289, 36.633
37.289, 36.633
37.519, 36.837
40.403, 42.041
40.403, 42.041
40.403, 42.041
40.480, 42.653
40.199, 42.143
40.199, 42.143
40.199, 42.143
40.199, 42.143
40.199, 42.143
40.199, 42.143
40.199, 42.143
36.830, 38.571
40.888, 43.367
40.888, 43.367
40.888, 43.367
40.888, 43.367
40.888, 43.367
40.888, 43.367
40.888, 43.367
42.369, 42.857
40.888, 43.367
40.888, 43.367
40.888, 43.367
40.888, 43.367
40.888, 43.367
40.888, 43.367
40.888, 43.367
40.888, 43.367
40.710, 42.857
40.888, 43.367
40.888, 43.367
40.888, 43.367
40.888, 43.367
40.888, 43.367
40.888, 43.367
40.097, 41.429
40.837, 43.367
40.837, 43.367
40.837, 43.367
40.965, 43.163
40.965, 43.163
40.965, 43.163
33.410, 32.245
40.965, 43.163
40.965, 43.163
40.965, 43.163
40.965, 43.163
40.965, 43.163
40.965, 43.163
40.888, 43.265
40.965, 43.163
42.905, 43.265
40.812, 42.755
39.153, 40.816
40.812, 42.755
40.812, 42.755
40.812, 42.755
39.816, 41.633
40.327, 42.347
40.327, 42.347
40.327, 42.347
40.327, 42.347
40.276, 41.633
40.761, 42.245
40.250, 42.347
40.250, 42.347
36.064, 36.122
40.250, 42.347
40.250, 42.347
40.250, 42.347
37.238, 38.776
40.837, 43.571
41.322, 43.367
41.322, 43.367
41.322, 43.367
41.322, 43.367
41.322, 43.367
35.452, 35.204
40.633, 42.143
40.633, 42.143
40.633, 42.143
40.148, 42.041
40.633, 42.143
40.633, 42.143
40.633, 42.143
40.633, 42.143
40.633, 42.143
40.633, 42.143
40.633, 42.143
40.633, 42.143
40.633, 42.143
40.633, 42.143
40.633, 42.143
40.633, 42.143
40.633, 42.143
40.633, 42.143
40.633, 42.143
40.633, 42.143
40.633, 42.143
40.633, 42.143
40.633, 42.143
39.153, 40.714
40.633, 42.143
40.633, 42.143
40.046, 41.429
41.092, 43.163
41.092, 43.163
41.092, 43.163
41.092, 43.163
41.092, 43.163
41.092, 43.163
41.092, 43.163
41.118, 43.061
41.118, 43.061
41.118, 43.061
41.118, 43.061
39.944, 41.633
40.480, 42.041
41.118, 43.061
41.118, 43.061
41.118, 43.061
43.236, 43.878
43.543, 43.878
43.236, 43.878
43.236, 43.878
43.236, 43.878
43.236, 43.878
43.236, 43.878
43.236, 43.878
43.645, 44.184
43.236, 43.878
43.236, 43.878
43.236, 43.878
43.236, 43.878
43.287, 43.571
43.287, 43.571
43.287, 43.571
43.287, 43.571
43.287, 43.571
43.287, 43.571
43.287, 43.571
43.287, 43.571
37.009, 38.673
43.287, 43.571
43.287, 43.571
43.287, 43.571
43.287, 43.571
43.287, 43.571
43.517, 43.980
43.287, 43.571
43.287, 43.571
43.287, 43.571
43.287, 43.571
43.287, 43.571
43.287, 43.571
43.287, 43.571
43.287, 43.571
43.287, 43.571
44.104, 43.878
43.287, 43.571
43.287, 43.776
43.287, 43.776
43.287, 43.776
41.654, 43.367
43.287, 43.776
43.236, 43.776
43.236, 43.776
43.517, 44.082
43.236, 43.776
43.798, 43.878
43.823, 44.082
43.823, 44.082
43.823, 44.082
43.823, 44.082
43.823, 44.082
43.823, 44.082
43.823, 44.082
44.334, 44.082
43.823, 44.082
43.823, 44.082
43.823, 44.082
43.823, 44.082
43.823, 44.082
43.823, 44.082
43.823, 44.082
43.823, 44.082
43.823, 44.082
43.160, 43.878
43.823, 44.082
43.823, 44.082
43.823, 44.082
43.798, 44.082
43.823, 44.082
43.007, 44.082
43.007, 44.082
43.007, 44.082
42.930, 43.571
42.930, 43.571
42.930, 43.571
42.930, 43.469
42.930, 43.571
42.930, 43.571
42.930, 43.571
42.930, 43.571
43.313, 43.776
43.313, 43.776
43.313, 43.776
Time Elapsed: 28.404 s 
===========Simulated Annealing=========
== Cooling 0.8 ==
30.117, 28.265
30.117, 28.265
30.117, 28.265
30.117, 28.265
30.117, 28.265
30.117, 28.265
30.117, 28.265
30.117, 28.265
30.117, 28.265
30.117, 28.265
30.117, 28.265
30.117, 28.265
30.117, 28.265
30.117, 28.265
30.117, 28.265
30.117, 28.265
30.117, 28.265
3.471, 3.061
3.471, 3.061
14.370, 12.245
14.344, 12.245
14.344, 12.245
14.344, 12.245
14.344, 12.245
11.383, 11.224
11.434, 11.224
3.420, 3.061
3.420, 3.061
3.446, 3.061
3.446, 3.061
3.446, 3.061
3.446, 3.061
3.446, 3.061
3.446, 3.061
3.446, 3.061
3.446, 3.061
3.446, 3.061
3.420, 3.061
3.420, 3.061
3.420, 3.061
3.420, 3.061
3.420, 3.061
3.420, 3.061
3.420, 3.061
3.420, 3.061
3.420, 3.061
3.420, 3.061
3.420, 3.061
1.685, 1.735
1.608, 1.735
1.608, 1.735
1.608, 1.735
1.608, 1.735
1.608, 1.735
1.608, 1.735
1.685, 1.735
15.237, 16.020
15.237, 16.020
1.378, 1.531
3.522, 3.061
3.522, 3.061
3.522, 3.061
3.522, 3.061
3.522, 3.061
3.522, 3.061
3.522, 3.061
3.522, 3.061
10.056, 10.816
10.056, 10.816
10.056, 10.816
10.056, 10.816
9.571, 10.306
9.571, 10.306
11.434, 12.347
11.383, 12.143
11.332, 12.143
11.383, 12.143
11.383, 12.143
11.383, 12.143
11.230, 12.143
11.230, 12.143
11.179, 12.143
11.230, 12.143
11.230, 12.143
11.230, 12.143
13.196, 14.286
13.196, 14.286
13.196, 14.286
13.196, 14.286
13.298, 14.286
13.298, 14.286
13.298, 14.286
13.298, 14.286
13.298, 14.286
13.298, 14.286
13.298, 14.286
13.068, 13.673
15.033, 15.408
15.008, 15.408
15.033, 15.408
15.033, 15.408
15.033, 15.408
15.084, 15.408
15.084, 15.408
15.084, 15.408
14.625, 15.204
15.084, 15.408
19.729, 20.306
19.729, 20.306
19.729, 20.306
19.729, 20.306
19.729, 20.306
19.704, 20.306
19.729, 20.306
19.959, 20.612
19.959, 20.612
19.959, 20.612
19.959, 20.612
19.959, 20.612
19.959, 20.612
19.959, 20.612
19.959, 20.612
19.959, 20.612
19.959, 20.612
19.985, 20.612
19.985, 20.612
19.985, 20.612
19.985, 20.612
20.112, 20.714
20.112, 20.714
20.061, 20.714
20.036, 21.429
20.036, 21.429
20.087, 21.633
20.087, 21.633
33.844, 34.490
33.920, 34.592
33.920, 34.694
33.946, 34.796
33.946, 34.796
33.946, 34.796
33.946, 34.796
44.819, 44.694
44.819, 44.694
44.819, 44.694
44.819, 44.694
44.819, 44.694
44.819, 44.694
44.819, 44.694
44.819, 44.694
44.819, 44.694
44.819, 44.694
44.819, 44.694
44.819, 44.694
44.819, 44.694
44.819, 44.694
44.742, 44.796
44.819, 44.694
44.946, 45.000
44.946, 45.000
44.946, 45.000
44.946, 45.000
44.946, 45.000
44.946, 45.000
44.946, 45.000
44.946, 45.000
44.946, 45.000
44.946, 45.000
44.946, 45.000
44.946, 45.000
44.946, 45.000
44.870, 45.000
44.946, 45.000
36.166, 36.020
44.972, 45.102
44.972, 45.102
44.972, 45.102
44.895, 45.000
44.946, 45.000
44.895, 45.000
44.895, 45.000
44.895, 45.000
44.946, 45.000
44.895, 45.000
44.895, 45.000
44.895, 45.000
44.895, 45.000
44.895, 45.000
44.895, 45.000
44.895, 45.000
44.895, 45.000
44.895, 45.000
44.895, 45.000
44.895, 45.000
44.870, 45.000
44.895, 45.000
44.844, 45.000
44.895, 45.000
44.895, 45.000
44.895, 45.000
44.895, 45.000
44.895, 45.000
44.895, 45.000
44.895, 45.000
44.895, 45.000
44.895, 45.000
44.895, 45.000
44.895, 45.000
44.895, 45.000
44.895, 45.000
44.870, 45.000
44.895, 45.000
44.895, 45.000
44.895, 45.000
44.895, 45.000
44.895, 45.000
44.895, 45.000
44.895, 45.000
44.895, 45.000
44.895, 45.000
44.895, 44.898
44.895, 45.000
44.895, 45.000
44.895, 45.000
44.895, 45.000
44.895, 45.000
44.895, 45.000
44.895, 45.000
44.895, 45.000
44.895, 45.000
44.895, 45.000
44.895, 45.000
44.895, 45.000
44.895, 45.000
44.895, 45.000
44.895, 45.000
44.895, 45.000
44.895, 45.000
44.895, 45.000
44.895, 45.000
44.895, 45.000
44.972, 45.102
44.972, 45.102
44.972, 45.102
36.141, 35.510
44.972, 45.102
44.972, 45.102
44.972, 45.102
44.972, 45.102
44.972, 45.102
44.972, 45.102
44.972, 45.102
44.972, 45.102
44.946, 45.102
44.946, 45.102
44.946, 45.102
44.946, 45.102
44.921, 45.102
44.946, 45.102
44.946, 45.102
44.946, 45.102
44.946, 45.102
44.946, 45.102
44.946, 45.102
44.946, 45.102
44.946, 45.102
31.955, 32.551
44.946, 45.102
44.946, 45.102
44.946, 45.102
44.895, 45.000
44.946, 45.102
44.946, 45.102
44.946, 45.102
44.946, 45.102
44.946, 45.102
44.946, 45.102
44.946, 45.102
44.946, 45.102
44.946, 45.102
44.946, 45.102
44.946, 45.102
44.946, 45.102
44.946, 45.102
44.946, 45.102
44.946, 45.102
44.946, 45.102
44.870, 45.000
44.946, 45.102
44.946, 45.102
44.946, 45.102
44.946, 45.102
44.946, 45.102
44.895, 45.000
44.946, 45.102
44.946, 45.102
44.946, 45.102
44.946, 45.102
44.946, 45.102
44.972, 45.102
38.208, 39.082
44.946, 45.102
44.972, 45.102
44.972, 45.102
44.972, 45.102
44.972, 45.102
44.972, 45.102
38.540, 38.673
44.972, 45.102
44.972, 45.102
44.972, 45.102
44.972, 45.102
44.895, 45.102
44.972, 45.102
44.972, 45.102
44.972, 45.102
44.972, 45.102
44.972, 45.102
44.972, 45.102
44.972, 45.102
44.972, 45.102
44.946, 45.000
44.946, 45.000
44.946, 45.000
44.895, 44.898
44.895, 45.000
44.946, 45.000
44.946, 45.000
44.946, 45.000
44.946, 45.000
44.946, 45.000
44.946, 45.000
44.946, 45.000
44.895, 45.000
44.946, 45.000
44.946, 45.000
44.946, 45.000
44.946, 45.000
44.946, 45.000
44.946, 45.000
44.946, 45.000
44.972, 45.102
44.946, 45.000
44.946, 45.000
44.946, 45.000
44.946, 45.000
44.972, 45.102
44.946, 45.000
44.946, 45.000
44.972, 45.102
44.972, 45.102
44.946, 45.000
44.946, 45.000
44.946, 45.000
44.946, 45.000
44.972, 45.102
44.946, 45.000
44.946, 45.000
44.946, 45.000
44.946, 45.000
44.946, 45.000
44.946, 45.000
44.946, 45.000
44.946, 45.000
44.946, 45.000
44.946, 45.000
44.946, 45.000
44.946, 45.000
44.946, 45.000
44.946, 45.000
44.946, 45.000
44.946, 45.000
44.946, 45.000
44.946, 45.000
44.921, 45.000
44.946, 45.000
44.946, 45.000
44.946, 45.000
44.946, 45.000
44.946, 45.000
44.946, 45.000
44.946, 45.000
44.946, 45.000
44.946, 45.000
44.946, 45.000
44.946, 45.000
44.946, 45.000
44.946, 45.000
44.946, 45.000
44.946, 45.000
44.946, 45.000
44.946, 45.000
44.946, 45.000
44.946, 45.000
44.946, 45.000
44.946, 45.000
44.946, 45.000
44.972, 45.000
44.870, 45.000
44.946, 45.000
44.946, 45.000
44.946, 45.000
44.946, 45.000
44.946, 45.000
44.946, 45.000
44.946, 45.000
37.085, 36.327
44.946, 45.000
44.895, 45.000
44.946, 45.000
44.946, 45.000
44.946, 45.000
44.946, 45.000
44.946, 45.000
44.946, 45.000
44.946, 45.000
44.946, 45.000
44.946, 45.000
44.946, 45.000
44.972, 45.102
44.972, 45.102
44.972, 45.102
44.972, 45.102
44.972, 45.102
44.972, 45.102
44.972, 45.102
44.895, 45.000
44.972, 45.102
44.972, 45.102
44.972, 45.102
44.972, 45.102
44.972, 45.102
44.972, 45.102
45.023, 45.000
44.972, 45.102
44.946, 45.102
44.972, 45.102
44.972, 45.102
44.972, 45.102
44.972, 45.102
44.972, 45.102
44.972, 45.102
44.972, 45.102
44.972, 45.102
44.972, 45.102
44.972, 45.102
44.972, 45.102
44.972, 45.102
44.972, 45.102
44.972, 45.102
44.972, 45.102
44.972, 45.102
44.972, 45.102
44.972, 45.102
44.972, 45.102
44.946, 45.102
44.946, 45.102
44.972, 45.000
44.946, 45.102
44.946, 45.102
44.946, 45.102
33.563, 32.551
44.946, 45.102
44.946, 45.102
44.946, 45.102
44.946, 45.102
44.946, 45.102
44.946, 45.102
44.997, 45.000
45.023, 45.000
45.023, 45.000
45.023, 45.000
45.023, 45.000
45.023, 45.000
45.023, 45.000
44.972, 45.000
45.023, 45.000
45.023, 45.000
45.023, 45.000
45.023, 45.000
45.023, 45.000
44.972, 45.102
45.023, 45.000
45.023, 45.000
45.023, 45.000
45.023, 45.000
45.023, 45.000
45.023, 45.000
45.023, 45.000
36.983, 35.102
45.023, 45.000
34.329, 32.449
45.023, 45.000
45.023, 45.000
45.023, 45.000
45.023, 45.000
45.023, 45.000
45.023, 45.000
45.023, 45.000
45.023, 45.000
45.023, 45.000
Time Elapsed: 30.885 s 
===========Simulated Annealing=========
== Cooling 0.9 ==
17.790, 18.980
17.790, 18.980
17.790, 18.980
17.790, 18.980
17.790, 18.980
17.739, 18.980
17.739, 18.980
17.739, 18.980
15.926, 16.735
15.926, 16.735
19.551, 19.898
19.908, 20.408
19.908, 20.408
19.908, 20.408
19.500, 20.204
20.265, 21.122
20.265, 21.122
24.451, 23.878
22.843, 22.755
22.843, 22.755
22.843, 22.755
22.843, 22.755
22.639, 22.551
29.607, 28.469
29.071, 27.755
28.586, 27.041
28.586, 27.041
28.586, 27.041
28.586, 27.041
28.586, 27.041
28.586, 27.041
28.586, 27.041
28.586, 27.041
29.250, 27.857
29.250, 27.857
29.250, 27.857
29.250, 27.857
29.250, 27.857
29.250, 27.857
29.250, 27.857
29.250, 27.857
29.735, 28.571
20.138, 21.122
20.138, 21.122
19.525, 20.612
17.458, 18.776
17.458, 18.776
17.458, 18.776
17.458, 18.776
17.458, 18.776
17.713, 18.980
17.713, 18.980
17.713, 18.980
17.713, 18.980
17.713, 18.980
17.739, 18.980
17.739, 18.980
17.739, 18.980
17.739, 18.980
17.739, 18.980
17.739, 18.980
17.713, 18.980
17.713, 18.980
17.713, 18.980
17.713, 18.980
17.713, 18.980
17.713, 18.980
17.713, 18.980
17.713, 18.980
17.713, 18.980
17.713, 18.980
17.713, 18.980
17.739, 18.980
17.739, 18.980
17.713, 18.980
17.739, 18.980
17.713, 18.980
17.713, 18.980
17.713, 18.980
17.713, 18.980
17.713, 18.980
17.713, 18.980
15.952, 17.551
15.952, 17.551
17.739, 18.980
17.739, 18.980
16.998, 18.673
17.739, 18.980
17.739, 18.980
17.739, 18.980
17.739, 18.980
17.739, 18.980
15.237, 16.939
14.114, 15.408
12.430, 14.082
12.430, 14.082
12.430, 14.082
12.430, 14.082
12.711, 14.286
12.430, 13.980
12.430, 13.980
12.430, 13.980
1.889, 2.449
1.889, 2.449
1.889, 2.449
1.889, 2.449
1.889, 2.449
1.889, 2.449
1.889, 2.449
0.791, 1.531
0.791, 1.531
0.791, 1.531
0.791, 1.531
0.638, 1.122
0.332, 0.714
0.332, 0.714
0.332, 0.714
0.332, 0.714
0.332, 0.714
0.332, 0.714
0.332, 0.714
0.332, 0.714
0.332, 0.714
0.332, 0.714
0.332, 0.714
0.332, 0.714
0.332, 0.714
0.332, 0.714
0.332, 0.714
0.332, 0.714
0.332, 0.714
0.332, 0.714
0.332, 0.714
0.332, 0.714
0.332, 0.714
0.332, 0.714
0.332, 0.714
0.587, 0.816
0.587, 0.816
0.587, 0.816
0.587, 0.816
0.587, 0.816
0.587, 0.816
0.587, 0.816
0.587, 0.816
0.587, 0.816
0.587, 0.816
0.638, 0.816
0.919, 1.224
0.638, 0.816
0.919, 1.224
2.425, 2.857
14.421, 16.429
14.982, 16.735
14.421, 16.429
15.595, 17.347
15.595, 17.347
16.207, 17.653
15.518, 17.347
15.773, 17.551
15.978, 17.551
15.978, 17.551
14.855, 16.531
14.855, 16.531
14.855, 16.531
14.855, 16.531
15.186, 16.837
15.186, 16.837
15.161, 16.837
15.161, 16.837
15.161, 16.837
15.161, 16.837
15.161, 16.837
15.161, 16.837
3.752, 4.592
3.752, 4.592
3.446, 4.388
0.791, 1.429
3.752, 4.592
3.752, 4.592
30.449, 30.612
18.989, 19.592
33.640, 35.000
36.677, 37.449
36.677, 37.449
36.013, 35.816
36.013, 35.816
36.013, 35.816
36.013, 35.816
36.013, 35.816
36.013, 35.816
34.558, 34.490
34.558, 34.490
34.558, 34.490
35.758, 35.714
35.758, 35.714
35.758, 35.714
35.171, 35.204
28.203, 25.612
28.203, 25.612
35.758, 35.714
35.758, 35.714
35.758, 35.714
35.733, 35.510
36.702, 37.041
36.702, 37.245
36.728, 37.143
36.702, 37.245
36.702, 37.245
37.238, 37.857
43.543, 44.388
43.389, 43.980
43.543, 44.388
43.543, 44.388
43.543, 44.388
43.543, 44.388
43.543, 44.388
43.619, 44.388
43.543, 44.388
41.322, 43.163
43.517, 44.388
44.385, 44.694
44.410, 44.694
44.104, 44.694
44.104, 44.694
44.104, 44.694
44.104, 44.694
44.104, 44.694
44.104, 44.694
44.104, 44.694
44.104, 44.694
44.104, 44.694
44.079, 44.694
44.104, 44.694
44.104, 44.694
45.278, 45.306
45.278, 45.306
45.278, 45.306
45.278, 45.306
45.278, 45.306
45.278, 45.306
42.266, 42.653
45.278, 45.306
45.253, 45.510
45.278, 45.306
45.533, 45.510
45.533, 45.510
45.457, 45.510
45.533, 45.510
45.074, 44.592
45.533, 45.510
45.533, 45.510
45.533, 45.510
45.533, 45.510
45.712, 45.714
45.712, 45.714
45.712, 45.714
45.712, 45.714
45.712, 45.714
45.712, 45.714
45.278, 45.000
45.278, 45.000
45.329, 44.694
45.278, 45.000
45.278, 45.000
45.278, 45.000
45.278, 45.000
45.278, 45.000
45.253, 45.000
45.278, 45.000
45.202, 44.796
43.083, 42.551
45.202, 44.796
45.202, 44.796
45.202, 44.796
45.202, 44.796
45.202, 44.796
45.253, 45.000
45.202, 44.796
45.355, 44.694
45.355, 44.694
45.355, 44.694
45.355, 44.694
45.125, 44.490
45.508, 44.490
44.666, 43.776
45.355, 44.592
45.508, 44.490
44.870, 44.082
45.482, 44.592
45.482, 44.592
45.482, 44.592
45.482, 44.592
45.482, 44.592
45.508, 44.694
45.508, 44.694
45.508, 44.694
45.584, 44.694
45.584, 44.694
45.584, 44.694
45.610, 44.694
44.870, 44.694
45.610, 44.694
45.610, 44.694
44.717, 44.592
45.610, 44.694
45.610, 44.694
45.610, 44.694
45.610, 44.694
45.610, 44.694
45.610, 44.694
45.610, 44.694
45.584, 44.694
45.610, 44.694
45.610, 44.694
45.610, 44.694
45.610, 44.694
45.661, 44.694
45.967, 45.510
45.661, 44.694
45.661, 44.694
45.661, 44.592
45.661, 44.592
45.661, 44.592
45.661, 44.592
45.661, 44.592
45.661, 44.592
45.712, 45.816
45.687, 45.816
45.687, 45.816
45.687, 45.816
45.687, 45.816
44.640, 45.306
45.661, 46.122
45.661, 46.122
45.738, 46.327
45.738, 46.327
45.738, 46.327
45.431, 46.020
45.738, 46.327
45.738, 46.327
45.738, 46.327
45.559, 46.224
45.559, 46.224
43.798, 43.878
45.559, 46.224
45.355, 46.020
45.610, 46.224
45.559, 46.224
45.559, 46.224
45.559, 46.224
45.559, 46.224
45.559, 46.224
45.559, 46.224
45.636, 46.327
45.865, 46.531
45.687, 46.531
45.687, 46.531
45.687, 46.531
45.687, 46.531
45.559, 46.531
45.559, 46.531
45.559, 46.531
45.559, 46.531
45.559, 46.531
45.559, 46.531
43.670, 43.776
45.559, 46.531
45.559, 46.531
45.559, 46.531
45.559, 46.531
45.559, 46.531
36.473, 36.224
45.559, 46.531
45.584, 46.531
45.584, 46.531
45.457, 45.918
44.819, 45.612
45.584, 46.531
45.584, 46.531
45.584, 46.531
44.181, 44.898
45.584, 46.531
45.584, 46.531
43.134, 43.673
45.584, 46.531
45.789, 46.327
45.687, 46.633
45.789, 46.224
45.789, 46.224
45.789, 46.224
45.789, 46.224
45.789, 46.224
45.865, 46.224
45.789, 46.224
45.789, 46.224
45.329, 46.224
45.789, 46.224
45.789, 46.224
45.789, 46.224
45.789, 46.224
45.789, 46.224
45.789, 46.224
45.789, 46.224
45.789, 46.224
45.789, 46.224
45.789, 46.224
45.891, 46.224
45.891, 46.224
45.891, 46.224
45.891, 46.224
45.891, 46.224
45.891, 46.224
45.865, 46.224
45.891, 46.224
45.891, 46.224
45.891, 46.224
45.891, 46.224
45.891, 46.224
45.891, 46.224
45.508, 46.224
45.508, 46.224
45.891, 45.918
45.891, 45.918
44.410, 45.612
45.738, 46.122
45.891, 45.918
45.891, 45.918
45.891, 45.918
45.942, 46.020
45.891, 45.918
45.891, 45.918
45.891, 45.918
45.891, 45.918
45.891, 45.918
45.891, 45.918
45.891, 45.918
45.865, 45.918
45.559, 46.020
45.891, 45.918
45.891, 45.918
45.891, 45.918
45.406, 46.020
45.891, 45.918
45.891, 45.918
45.891, 45.918
45.891, 45.918
44.870, 45.510
45.891, 45.918
45.891, 45.918
45.891, 45.918
45.942, 46.020
45.891, 45.918
45.891, 45.918
45.814, 46.020
45.891, 45.918
45.865, 46.020
45.891, 45.918
45.891, 45.918
45.891, 45.918
45.891, 45.918
45.738, 45.918
45.738, 45.918
45.738, 45.918
45.738, 45.918
45.738, 45.918
45.355, 46.224
45.738, 45.918
45.738, 45.918
45.814, 46.020
45.508, 46.429
45.738, 45.918
45.738, 45.918
45.253, 46.122
45.738, 45.918
45.738, 45.918
45.738, 45.918
45.738, 45.918
45.738, 45.918
44.385, 45.408
45.738, 45.918
45.738, 45.918
45.738, 45.918
45.738, 45.918
45.738, 45.918
45.738, 45.918
45.738, 45.918
45.738, 45.918
45.763, 45.918
45.763, 45.918
45.763, 45.918
45.712, 46.020
45.712, 46.020
45.712, 46.020
45.789, 46.122
45.712, 46.020
45.712, 46.020
45.712, 46.020
45.712, 46.020
45.712, 46.020
45.712, 46.020
Time Elapsed: 35.048 s 
